
2
4
4
4
1
1
2
2
4
4
4
3
Fields avaliable: 224
Field randomized:
12 11

fields_changed_available: 8
food_cluster_size_index: 0 4
counter_available: 8
counter: 8
counter: 7
counter: 6
counter: 5
counter: 4
counter: 3
counter: 2
counter: 1
x: 12;    y: 10
x: 13;    y: 10
x: 13;    y: 11
x: 13;    y: 12
x: 12;    y: 12
x: 11;    y: 12
x: 11;    y: 11
x: 11;    y: 10
8 13 12


counter_available: 7
counter: 7
counter: 6
counter: 5
counter: 4
counter: 3
counter: 3
counter: 2
counter: 1
x: 12;    y: 10
x: 13;    y: 10
x: 13;    y: 11
x: 12;    y: 12
x: 11;    y: 12
x: 11;    y: 11
x: 11;    y: 10
7 11 10


counter_available: 6
counter: 6
counter: 6
counter: 5
counter: 4
counter: 3
counter: 3
counter: 2
counter: 1
x: 12;    y: 10
x: 13;    y: 10
x: 13;    y: 11
x: 12;    y: 12
x: 11;    y: 12
x: 11;    y: 11
6 12 12


counter_available: 5
counter: 5
counter: 5
counter: 4
counter: 3
counter: 3
counter: 3
counter: 2
counter: 1
x: 12;    y: 10
x: 13;    y: 10
x: 13;    y: 11
x: 11;    y: 12
x: 11;    y: 11
5 12 10



0 0 0 0 0 0 0 0 0 0 0 0 0 0 0 
0 0 0 0 0 0 0 0 0 0 0 0 0 0 0 
0 0 0 0 0 0 0 0 0 0 0 0 0 0 0 
0 0 0 0 0 0 0 0 0 0 0 0 0 0 0 
0 0 0 0 0 0 0 0 0 0 0 0 0 0 0 
0 0 0 0 0 0 0 0 0 0 0 0 0 0 0 
0 0 0 0 0 0 0 0 0 0 0 0 0 0 0 
0 0 0 0 0 0 0 2 0 0 0 0 0 0 0 
0 0 0 0 0 0 0 0 0 0 0 0 0 0 0 
0 0 0 0 0 0 0 0 0 0 0 0 0 0 0 
0 0 0 0 0 0 0 0 0 2 2 2 0 0 0 
0 0 0 0 0 0 0 0 0 2 1 2 2 2 0 
0 0 0 0 0 0 0 0 0 2 1 1 1 2 0 
0 0 0 0 0 0 0 0 0 2 2 2 1 2 0 
0 0 0 0 0 0 0 0 0 0 0 2 2 2 0 


Fields avaliable: 203
Field randomized:
8 0

fields_changed_available: 5
food_cluster_size_index: 1 4
counter_available: 5
counter: 5
counter: 5
counter: 4
counter: 3
counter: 2
counter: 1
counter: 0
counter: 0
x: 9;    y: 0
x: 9;    y: 1
x: 8;    y: 1
x: 7;    y: 1
x: 7;    y: 0
5 9 0


counter_available: 4
counter: 4
counter: 4
counter: 3
counter: 2
counter: 1
counter: 0
counter: 0
counter: 0
x: 9;    y: 1
x: 8;    y: 1
x: 7;    y: 1
x: 7;    y: 0
4 8 1


counter_available: 3
counter: 3
counter: 3
counter: 2
counter: 1
counter: 1
counter: 0
counter: 0
counter: 0
x: 9;    y: 1
x: 7;    y: 1
x: 7;    y: 0
3 7 0


counter_available: 2
counter: 2
counter: 2
counter: 2
counter: 1
counter: 1
counter: 0
counter: 0
counter: 0
x: 9;    y: 1
x: 7;    y: 1
2 9 1



0 0 0 0 0 0 0 0 0 0 0 0 0 0 0 
0 0 0 0 0 0 0 0 0 0 0 0 0 0 0 
0 0 0 0 0 0 0 0 0 0 0 0 0 0 0 
0 0 0 0 0 0 0 0 0 0 0 0 0 0 0 
0 0 0 0 0 0 0 0 0 0 0 0 0 0 0 
0 0 0 0 0 0 0 0 0 0 0 0 0 0 0 
2 2 0 0 0 0 0 0 0 0 0 0 0 0 0 
1 2 2 0 0 0 0 2 0 0 0 0 0 0 0 
1 1 2 0 0 0 0 0 0 0 0 0 0 0 0 
1 1 2 0 0 0 0 0 0 0 0 0 0 0 0 
2 2 2 0 0 0 0 0 0 2 2 2 0 0 0 
0 0 0 0 0 0 0 0 0 2 1 2 2 2 0 
0 0 0 0 0 0 0 0 0 2 1 1 1 2 0 
0 0 0 0 0 0 0 0 0 2 2 2 1 2 0 
0 0 0 0 0 0 0 0 0 0 0 2 2 2 0 


Fields avaliable: 189
Field randomized:
10 3

Field not allowed. Braking.

0 0 0 0 0 0 0 0 0 0 0 0 0 0 0 
0 0 0 0 0 0 0 0 0 0 0 0 0 0 0 
0 0 0 0 0 0 0 0 0 0 0 0 0 0 0 
0 0 0 0 0 0 0 0 0 0 0 0 0 0 0 
0 0 0 0 0 0 0 0 0 0 0 0 0 0 0 
0 0 0 0 0 0 0 0 0 0 0 0 0 0 0 
2 2 0 0 0 0 0 0 0 0 0 0 0 0 0 
1 2 2 0 0 0 0 2 0 0 0 0 0 0 0 
1 1 2 0 0 0 0 0 0 0 0 0 0 0 0 
1 1 2 0 0 0 0 0 0 0 0 0 0 0 0 
2 2 2 3 0 0 0 0 0 2 2 2 0 0 0 
0 0 0 0 0 0 0 0 0 2 1 2 2 2 0 
0 0 0 0 0 0 0 0 0 2 1 1 1 2 0 
0 0 0 0 0 0 0 0 0 2 2 2 1 2 0 
0 0 0 0 0 0 0 0 0 0 0 2 2 2 0 


Fields avaliable: 188
Field randomized:
11 6

fields_changed_available: 8
food_cluster_size_index: 2 4
counter_available: 8
counter: 8
counter: 7
counter: 6
counter: 5
counter: 4
counter: 3
counter: 2
counter: 1
x: 11;    y: 5
x: 12;    y: 5
x: 12;    y: 6
x: 12;    y: 7
x: 11;    y: 7
x: 10;    y: 7
x: 10;    y: 6
x: 10;    y: 5
8 12 5


counter_available: 7
counter: 7
counter: 6
counter: 5
counter: 4
counter: 3
counter: 2
counter: 1
counter: 1
x: 11;    y: 5
x: 12;    y: 6
x: 12;    y: 7
x: 11;    y: 7
x: 10;    y: 7
x: 10;    y: 6
x: 10;    y: 5
7 10 7


counter_available: 6
counter: 6
counter: 5
counter: 4
counter: 4
counter: 3
counter: 2
counter: 1
counter: 1
x: 11;    y: 5
x: 12;    y: 6
x: 12;    y: 7
x: 11;    y: 7
x: 10;    y: 6
x: 10;    y: 5
6 12 7


counter_available: 5
counter: 5
counter: 4
counter: 3
counter: 3
counter: 2
counter: 2
counter: 1
counter: 1
x: 11;    y: 5
x: 12;    y: 6
x: 11;    y: 7
x: 10;    y: 6
x: 10;    y: 5
5 11 5



0 0 0 0 0 0 0 0 0 0 0 0 0 0 0 
0 0 0 0 0 0 0 0 0 0 0 0 0 0 0 
0 0 0 0 0 0 0 0 0 0 0 0 0 0 0 
0 0 0 0 0 0 0 0 0 0 0 0 0 0 0 
0 0 0 0 0 0 0 0 0 0 0 0 0 0 0 
0 0 0 0 0 0 0 0 0 0 0 0 0 0 0 
2 2 0 0 0 0 0 0 0 0 0 0 0 0 0 
1 2 2 0 0 0 0 2 0 0 0 0 0 0 0 
1 1 2 0 0 0 0 0 0 0 0 0 0 0 0 
1 1 2 0 0 0 2 2 2 0 0 0 0 0 0 
2 2 2 3 2 2 2 1 2 2 2 2 0 0 0 
0 0 0 0 2 1 1 2 2 2 1 2 2 2 0 
0 0 0 0 2 1 2 1 2 2 1 1 1 2 0 
0 0 0 0 2 2 2 2 2 2 2 2 1 2 0 
0 0 0 0 0 0 0 0 0 0 0 2 2 2 0 


Fields avaliable: 165
Field randomized:
1 12

fields_changed_available: 8
food_cluster_size_index: 3 4
counter_available: 8
counter: 8
counter: 7
counter: 6
counter: 5
counter: 4
counter: 3
counter: 2
counter: 1
x: 1;    y: 11
x: 2;    y: 11
x: 2;    y: 12
x: 2;    y: 13
x: 1;    y: 13
x: 0;    y: 13
x: 0;    y: 12
x: 0;    y: 11
8 0 11


counter_available: 7
counter: 7
counter: 7
counter: 6
counter: 5
counter: 4
counter: 3
counter: 2
counter: 1
x: 1;    y: 11
x: 2;    y: 11
x: 2;    y: 12
x: 2;    y: 13
x: 1;    y: 13
x: 0;    y: 13
x: 0;    y: 12
7 2 13


counter_available: 6
counter: 6
counter: 6
counter: 5
counter: 4
counter: 3
counter: 3
counter: 2
counter: 1
x: 1;    y: 11
x: 2;    y: 11
x: 2;    y: 12
x: 1;    y: 13
x: 0;    y: 13
x: 0;    y: 12
6 0 13


counter_available: 5
counter: 5
counter: 5
counter: 4
counter: 4
counter: 3
counter: 3
counter: 2
counter: 1
x: 1;    y: 11
x: 2;    y: 11
x: 2;    y: 12
x: 1;    y: 13
x: 0;    y: 12
5 1 13



0 0 0 0 0 0 0 0 0 0 2 1 2 1 2 
0 0 0 0 0 0 0 0 0 0 2 2 1 1 2 
0 0 0 0 0 0 0 0 0 0 0 2 2 1 2 
0 0 0 0 0 0 0 0 0 0 0 0 2 2 2 
0 0 0 0 0 0 0 0 0 0 0 0 0 0 0 
0 0 0 0 0 0 0 0 0 0 0 0 0 0 0 
2 2 0 0 0 0 0 0 0 0 0 0 0 0 0 
1 2 2 0 0 0 0 2 0 0 0 0 0 0 0 
1 1 2 0 0 0 0 0 0 0 0 0 0 0 0 
1 1 2 0 0 0 2 2 2 0 0 0 0 0 0 
2 2 2 3 2 2 2 1 2 2 2 2 0 0 0 
0 0 0 0 2 1 1 2 2 2 1 2 2 2 0 
0 0 0 0 2 1 2 1 2 2 1 1 1 2 0 
0 0 0 0 2 2 2 2 2 2 2 2 1 2 0 
0 0 0 0 0 0 0 0 0 0 0 2 2 2 0 


Fields avaliable: 148
Field randomized:
5 10

fields_changed_available: 8
food_cluster_size_index: 4 4
counter_available: 8
counter: 8
counter: 7
counter: 6
counter: 5
counter: 4
counter: 3
counter: 2
counter: 1
x: 5;    y: 9
x: 6;    y: 9
x: 6;    y: 10
x: 6;    y: 11
x: 5;    y: 11
x: 4;    y: 11
x: 4;    y: 10
x: 4;    y: 9
8 5 11


counter_available: 7
counter: 7
counter: 6
counter: 5
counter: 4
counter: 4
counter: 3
counter: 2
counter: 1
x: 5;    y: 9
x: 6;    y: 9
x: 6;    y: 10
x: 6;    y: 11
x: 4;    y: 11
x: 4;    y: 10
x: 4;    y: 9
7 6 10


counter_available: 6
counter: 6
counter: 5
counter: 4
counter: 3
counter: 3
counter: 2
counter: 2
counter: 1
x: 5;    y: 9
x: 6;    y: 9
x: 6;    y: 11
x: 4;    y: 11
x: 4;    y: 10
x: 4;    y: 9
6 6 11


counter_available: 5
counter: 5
counter: 4
counter: 3
counter: 2
counter: 2
counter: 2
counter: 2
counter: 1
x: 5;    y: 9
x: 6;    y: 9
x: 4;    y: 11
x: 4;    y: 10
x: 4;    y: 9
5 4 11



0 0 0 0 0 0 0 0 0 0 2 1 2 1 2 
0 0 0 0 0 0 0 0 0 0 2 2 1 1 2 
0 0 0 0 0 0 0 0 0 0 0 2 2 1 2 
0 0 0 0 0 0 0 0 0 0 2 2 2 2 2 
0 0 0 0 0 0 0 0 0 2 2 1 2 0 0 
0 0 0 0 0 0 0 0 0 2 1 1 2 0 0 
2 2 0 0 0 0 0 0 0 2 1 1 2 0 0 
1 2 2 0 0 0 0 2 0 2 2 2 2 0 0 
1 1 2 0 0 0 0 0 0 0 0 0 0 0 0 
1 1 2 0 0 0 2 2 2 0 0 0 0 0 0 
2 2 2 3 2 2 2 1 2 2 2 2 0 0 0 
0 0 0 0 2 1 1 2 2 2 1 2 2 2 0 
0 0 0 0 2 1 2 1 2 2 1 1 1 2 0 
0 0 0 0 2 2 2 2 2 2 2 2 1 2 0 
0 0 0 0 0 0 0 0 0 0 0 2 2 2 0 


Fields avaliable: 130
Field randomized:
9 3

Field not allowed. Braking.

0 0 0 0 0 0 0 0 0 0 2 1 2 1 2 
0 0 0 0 0 0 0 0 0 0 2 2 1 1 2 
0 0 0 0 0 0 0 0 0 0 0 2 2 1 2 
0 0 0 0 0 0 0 0 0 0 2 2 2 2 2 
0 0 0 0 0 0 0 0 0 2 2 1 2 0 0 
0 0 0 0 0 0 0 0 0 2 1 1 2 0 0 
2 2 0 0 0 0 0 0 0 2 1 1 2 0 0 
1 2 2 0 0 0 0 2 0 2 2 2 2 0 0 
1 1 2 0 0 0 0 0 0 0 0 0 0 0 0 
1 1 2 3 0 0 2 2 2 0 0 0 0 0 0 
2 2 2 3 2 2 2 1 2 2 2 2 0 0 0 
0 0 0 0 2 1 1 2 2 2 1 2 2 2 0 
0 0 0 0 2 1 2 1 2 2 1 1 1 2 0 
0 0 0 0 2 2 2 2 2 2 2 2 1 2 0 
0 0 0 0 0 0 0 0 0 0 0 2 2 2 0 


Fields avaliable: 129
Field randomized:
12 14

Field not allowed. Braking.

0 0 0 0 0 0 0 0 0 0 2 1 2 1 2 
0 0 0 0 0 0 0 0 0 0 2 2 1 1 2 
0 0 0 0 0 0 0 0 0 0 0 2 2 1 2 
0 0 0 0 0 0 0 0 0 0 2 2 2 2 2 
0 0 0 0 0 0 0 0 0 2 2 1 2 0 0 
0 0 0 0 0 0 0 0 0 2 1 1 2 0 0 
2 2 0 0 0 0 0 0 0 2 1 1 2 0 0 
1 2 2 0 0 0 0 2 0 2 2 2 2 0 0 
1 1 2 0 0 0 0 0 0 0 0 0 0 0 0 
1 1 2 3 0 0 2 2 2 0 0 0 0 0 0 
2 2 2 3 2 2 2 1 2 2 2 2 0 0 0 
0 0 0 0 2 1 1 2 2 2 1 2 2 2 0 
0 0 0 0 2 1 2 1 2 2 1 1 1 2 3 
0 0 0 0 2 2 2 2 2 2 2 2 1 2 0 
0 0 0 0 0 0 0 0 0 0 0 2 2 2 0 


Fields avaliable: 128
Field randomized:
13 1

fields_changed_available: 8
food_cluster_size_index: 5 4
counter_available: 8
counter: 8
counter: 7
counter: 6
counter: 5
counter: 4
counter: 3
counter: 2
counter: 1
x: 13;    y: 0
x: 14;    y: 0
x: 14;    y: 1
x: 14;    y: 2
x: 13;    y: 2
x: 12;    y: 2
x: 12;    y: 1
x: 12;    y: 0
8 12 0


counter_available: 7
counter: 7
counter: 7
counter: 6
counter: 5
counter: 4
counter: 3
counter: 2
counter: 1
x: 13;    y: 0
x: 14;    y: 0
x: 14;    y: 1
x: 14;    y: 2
x: 13;    y: 2
x: 12;    y: 2
x: 12;    y: 1
7 13 0


counter_available: 6
counter: 6
counter: 6
counter: 5
counter: 4
counter: 3
counter: 2
counter: 1
counter: 0
x: 14;    y: 0
x: 14;    y: 1
x: 14;    y: 2
x: 13;    y: 2
x: 12;    y: 2
x: 12;    y: 1
6 14 1


counter_available: 5
counter: 5
counter: 5
counter: 4
counter: 3
counter: 2
counter: 1
counter: 1
counter: 0
x: 14;    y: 0
x: 14;    y: 2
x: 13;    y: 2
x: 12;    y: 2
x: 12;    y: 1
5 14 0



0 0 0 0 0 0 0 0 0 0 2 1 2 1 2 
0 0 0 0 0 0 0 0 0 0 2 2 1 1 2 
0 0 0 0 0 0 0 0 0 0 0 2 2 1 2 
0 0 0 0 0 0 0 0 0 0 2 2 2 2 2 
0 0 0 0 0 0 0 0 0 2 2 1 2 0 0 
0 0 0 0 0 0 0 0 0 2 1 1 2 0 0 
2 2 0 0 0 0 0 0 0 2 1 1 2 0 0 
1 2 2 0 0 0 0 2 0 2 2 2 2 0 0 
1 1 2 0 0 0 0 0 0 0 0 0 0 0 0 
1 1 2 3 0 0 2 2 2 0 0 0 0 0 0 
2 2 2 3 2 2 2 1 2 2 2 2 0 0 0 
2 2 0 0 2 1 1 2 2 2 1 2 2 2 0 
1 2 2 0 2 1 2 1 2 2 1 1 1 2 3 
1 1 2 0 2 2 2 2 2 2 2 2 1 2 0 
1 1 2 0 0 0 0 0 0 0 0 2 2 2 0 


Fields avaliable: 117
Field randomized:
14 10

Field not allowed. Braking.

0 0 0 0 0 0 0 0 0 0 2 1 2 1 2 
0 0 0 0 0 0 0 0 0 0 2 2 1 1 2 
0 0 0 0 0 0 0 0 0 0 0 2 2 1 2 
0 0 0 0 0 0 0 0 0 0 2 2 2 2 2 
0 0 0 0 0 0 0 0 0 2 2 1 2 0 0 
0 0 0 0 0 0 0 0 0 2 1 1 2 0 0 
2 2 0 0 0 0 0 0 0 2 1 1 2 0 0 
1 2 2 0 0 0 0 2 0 2 2 2 2 0 0 
1 1 2 0 0 0 0 0 0 0 0 0 0 0 0 
1 1 2 3 0 0 2 2 2 0 0 0 0 0 0 
2 2 2 3 2 2 2 1 2 2 2 2 0 0 0 
2 2 0 0 2 1 1 2 2 2 1 2 2 2 0 
1 2 2 0 2 1 2 1 2 2 1 1 1 2 3 
1 1 2 0 2 2 2 2 2 2 2 2 1 2 0 
1 1 2 0 0 0 0 0 0 0 3 2 2 2 0 


Fields avaliable: 116
Field randomized:
3 7

fields_changed_available: 8
food_cluster_size_index: 6 3
counter_available: 8
counter: 8
counter: 7
counter: 6
counter: 5
counter: 4
counter: 3
counter: 2
counter: 1
x: 3;    y: 6
x: 4;    y: 6
x: 4;    y: 7
x: 4;    y: 8
x: 3;    y: 8
x: 2;    y: 8
x: 2;    y: 7
x: 2;    y: 6
8 3 6


counter_available: 7
counter: 7
counter: 6
counter: 5
counter: 4
counter: 3
counter: 2
counter: 1
counter: 0
x: 4;    y: 6
x: 4;    y: 7
x: 4;    y: 8
x: 3;    y: 8
x: 2;    y: 8
x: 2;    y: 7
x: 2;    y: 6
7 4 6


counter_available: 6
counter: 6
counter: 5
counter: 4
counter: 3
counter: 2
counter: 1
counter: 0
counter: 0
x: 4;    y: 7
x: 4;    y: 8
x: 3;    y: 8
x: 2;    y: 8
x: 2;    y: 7
x: 2;    y: 6
6 2 8



0 0 0 0 0 0 0 0 0 0 2 1 2 1 2 
0 0 0 0 0 0 0 2 2 2 2 2 1 1 2 
0 0 0 0 0 2 2 2 1 2 0 2 2 1 2 
0 0 0 0 0 2 1 1 2 2 2 2 2 2 2 
0 0 0 0 0 2 1 2 2 2 2 1 2 0 0 
0 0 0 0 0 2 2 2 0 2 1 1 2 0 0 
2 2 0 0 0 0 0 0 0 2 1 1 2 0 0 
1 2 2 0 0 0 0 2 0 2 2 2 2 0 0 
1 1 2 0 0 0 0 0 0 0 0 0 0 0 0 
1 1 2 3 0 0 2 2 2 0 0 0 0 0 0 
2 2 2 3 2 2 2 1 2 2 2 2 0 0 0 
2 2 0 0 2 1 1 2 2 2 1 2 2 2 0 
1 2 2 0 2 1 2 1 2 2 1 1 1 2 3 
1 1 2 0 2 2 2 2 2 2 2 2 1 2 0 
1 1 2 0 0 0 0 0 0 0 3 2 2 2 0 


Fields avaliable: 96
Field randomized:
8 6

Field not allowed. Braking.

0 0 0 0 0 0 0 0 0 0 2 1 2 1 2 
0 0 0 0 0 0 0 2 2 2 2 2 1 1 2 
0 0 0 0 0 2 2 2 1 2 0 2 2 1 2 
0 0 0 0 0 2 1 1 2 2 2 2 2 2 2 
0 0 0 0 0 2 1 2 2 2 2 1 2 0 0 
0 0 0 0 0 2 2 2 0 2 1 1 2 0 0 
2 2 0 0 0 0 0 0 0 2 1 1 2 0 0 
1 2 2 0 0 0 0 2 0 2 2 2 2 0 0 
1 1 2 0 0 0 3 0 0 0 0 0 0 0 0 
1 1 2 3 0 0 2 2 2 0 0 0 0 0 0 
2 2 2 3 2 2 2 1 2 2 2 2 0 0 0 
2 2 0 0 2 1 1 2 2 2 1 2 2 2 0 
1 2 2 0 2 1 2 1 2 2 1 1 1 2 3 
1 1 2 0 2 2 2 2 2 2 2 2 1 2 0 
1 1 2 0 0 0 0 0 0 0 3 2 2 2 0 


Fields avaliable: 95
Field randomized:
7 6

Field not allowed. Braking.

0 0 0 0 0 0 0 0 0 0 2 1 2 1 2 
0 0 0 0 0 0 0 2 2 2 2 2 1 1 2 
0 0 0 0 0 2 2 2 1 2 0 2 2 1 2 
0 0 0 0 0 2 1 1 2 2 2 2 2 2 2 
0 0 0 0 0 2 1 2 2 2 2 1 2 0 0 
0 0 0 0 0 2 2 2 0 2 1 1 2 0 0 
2 2 0 0 0 0 0 0 0 2 1 1 2 0 0 
1 2 2 0 0 0 3 2 0 2 2 2 2 0 0 
1 1 2 0 0 0 3 0 0 0 0 0 0 0 0 
1 1 2 3 0 0 2 2 2 0 0 0 0 0 0 
2 2 2 3 2 2 2 1 2 2 2 2 0 0 0 
2 2 0 0 2 1 1 2 2 2 1 2 2 2 0 
1 2 2 0 2 1 2 1 2 2 1 1 1 2 3 
1 1 2 0 2 2 2 2 2 2 2 2 1 2 0 
1 1 2 0 0 0 0 0 0 0 3 2 2 2 0 


Fields avaliable: 94
Field randomized:
9 5

Field not allowed. Braking.

0 0 0 0 0 0 0 0 0 0 2 1 2 1 2 
0 0 0 0 0 0 0 2 2 2 2 2 1 1 2 
0 0 0 0 0 2 2 2 1 2 0 2 2 1 2 
0 0 0 0 0 2 1 1 2 2 2 2 2 2 2 
0 0 0 0 0 2 1 2 2 2 2 1 2 0 0 
0 0 0 0 0 2 2 2 0 2 1 1 2 0 0 
2 2 0 0 0 0 0 0 0 2 1 1 2 0 0 
1 2 2 0 0 0 3 2 0 2 2 2 2 0 0 
1 1 2 0 0 0 3 0 0 0 0 0 0 0 0 
1 1 2 3 0 3 2 2 2 0 0 0 0 0 0 
2 2 2 3 2 2 2 1 2 2 2 2 0 0 0 
2 2 0 0 2 1 1 2 2 2 1 2 2 2 0 
1 2 2 0 2 1 2 1 2 2 1 1 1 2 3 
1 1 2 0 2 2 2 2 2 2 2 2 1 2 0 
1 1 2 0 0 0 0 0 0 0 3 2 2 2 0 


Fields avaliable: 93
Field randomized:
2 1

fields_changed_available: 8
food_cluster_size_index: 7 2
counter_available: 8
counter: 8
counter: 7
counter: 6
counter: 5
counter: 4
counter: 3
counter: 2
counter: 1
x: 2;    y: 0
x: 3;    y: 0
x: 3;    y: 1
x: 3;    y: 2
x: 2;    y: 2
x: 1;    y: 2
x: 1;    y: 1
x: 1;    y: 0
8 2 2


counter_available: 7
counter: 7
counter: 6
counter: 5
counter: 4
counter: 4
counter: 3
counter: 2
counter: 1
x: 2;    y: 0
x: 3;    y: 0
x: 3;    y: 1
x: 3;    y: 2
x: 1;    y: 2
x: 1;    y: 1
x: 1;    y: 0
7 3 2



0 0 0 0 0 0 0 0 0 0 2 1 2 1 2 
2 2 2 2 0 0 0 2 2 2 2 2 1 1 2 
2 1 1 2 0 2 2 2 1 2 0 2 2 1 2 
2 2 1 2 0 2 1 1 2 2 2 2 2 2 2 
0 2 2 2 0 2 1 2 2 2 2 1 2 0 0 
0 0 0 0 0 2 2 2 0 2 1 1 2 0 0 
2 2 0 0 0 0 0 0 0 2 1 1 2 0 0 
1 2 2 0 0 0 3 2 0 2 2 2 2 0 0 
1 1 2 0 0 0 3 0 0 0 0 0 0 0 0 
1 1 2 3 0 3 2 2 2 0 0 0 0 0 0 
2 2 2 3 2 2 2 1 2 2 2 2 0 0 0 
2 2 0 0 2 1 1 2 2 2 1 2 2 2 0 
1 2 2 0 2 1 2 1 2 2 1 1 1 2 3 
1 1 2 0 2 2 2 2 2 2 2 2 1 2 0 
1 1 2 0 0 0 0 0 0 0 3 2 2 2 0 


Fields avaliable: 78
Field randomized:
8 4

fields_changed_available: 8
food_cluster_size_index: 8 2
counter_available: 8
counter: 8
counter: 7
counter: 6
counter: 5
counter: 4
counter: 3
counter: 2
counter: 1
x: 8;    y: 3
x: 9;    y: 3
x: 9;    y: 4
x: 9;    y: 5
x: 8;    y: 5
x: 7;    y: 5
x: 7;    y: 4
x: 7;    y: 3
8 9 3


counter_available: 7
counter: 7
counter: 6
counter: 5
counter: 4
counter: 3
counter: 2
counter: 1
counter: 1
x: 8;    y: 3
x: 9;    y: 4
x: 9;    y: 5
x: 8;    y: 5
x: 7;    y: 5
x: 7;    y: 4
x: 7;    y: 3
7 7 3



0 0 0 0 0 0 0 0 0 0 2 1 2 1 2 
2 2 2 2 0 0 0 2 2 2 2 2 1 1 2 
2 1 1 2 0 2 2 2 1 2 0 2 2 1 2 
2 2 1 2 0 2 1 1 2 2 2 2 2 2 2 
0 2 2 2 0 2 1 2 2 2 2 1 2 0 0 
0 0 0 0 0 2 2 2 0 2 1 1 2 0 0 
2 2 2 2 2 0 0 0 0 2 1 1 2 0 0 
1 2 2 1 2 2 3 2 0 2 2 2 2 0 0 
1 1 2 2 1 2 3 0 0 0 0 0 0 0 0 
1 1 2 1 2 2 2 2 2 0 0 0 0 0 0 
2 2 2 3 2 2 2 1 2 2 2 2 0 0 0 
2 2 0 0 2 1 1 2 2 2 1 2 2 2 0 
1 2 2 0 2 1 2 1 2 2 1 1 1 2 3 
1 1 2 0 2 2 2 2 2 2 2 2 1 2 0 
1 1 2 0 0 0 0 0 0 0 3 2 2 2 0 


Fields avaliable: 68
Field randomized:
9 12

Field not allowed. Braking.

0 0 0 0 0 0 0 0 0 0 2 1 2 1 2 
2 2 2 2 0 0 0 2 2 2 2 2 1 1 2 
2 1 1 2 0 2 2 2 1 2 0 2 2 1 2 
2 2 1 2 0 2 1 1 2 2 2 2 2 2 2 
0 2 2 2 0 2 1 2 2 2 2 1 2 0 0 
0 0 0 0 0 2 2 2 0 2 1 1 2 0 0 
2 2 2 2 2 0 0 0 0 2 1 1 2 0 0 
1 2 2 1 2 2 3 2 0 2 2 2 2 0 0 
1 1 2 2 1 2 3 0 0 0 0 0 0 0 0 
1 1 2 1 2 2 2 2 2 0 0 0 3 0 0 
2 2 2 3 2 2 2 1 2 2 2 2 0 0 0 
2 2 0 0 2 1 1 2 2 2 1 2 2 2 0 
1 2 2 0 2 1 2 1 2 2 1 1 1 2 3 
1 1 2 0 2 2 2 2 2 2 2 2 1 2 0 
1 1 2 0 0 0 0 0 0 0 3 2 2 2 0 


Fields avaliable: 67
Field randomized:
6 7

Field not allowed. Braking.

0 0 0 0 0 0 0 0 0 0 2 1 2 1 2 
2 2 2 2 0 0 0 2 2 2 2 2 1 1 2 
2 1 1 2 0 2 2 2 1 2 0 2 2 1 2 
2 2 1 2 0 2 1 1 2 2 2 2 2 2 2 
0 2 2 2 0 2 1 2 2 2 2 1 2 0 0 
0 0 0 0 0 2 2 2 0 2 1 1 2 0 0 
2 2 2 2 2 0 0 3 0 2 1 1 2 0 0 
1 2 2 1 2 2 3 2 0 2 2 2 2 0 0 
1 1 2 2 1 2 3 0 0 0 0 0 0 0 0 
1 1 2 1 2 2 2 2 2 0 0 0 3 0 0 
2 2 2 3 2 2 2 1 2 2 2 2 0 0 0 
2 2 0 0 2 1 1 2 2 2 1 2 2 2 0 
1 2 2 0 2 1 2 1 2 2 1 1 1 2 3 
1 1 2 0 2 2 2 2 2 2 2 2 1 2 0 
1 1 2 0 0 0 0 0 0 0 3 2 2 2 0 


Fields avaliable: 66
Field randomized:
11 3

Field not allowed. Braking.

0 0 0 0 0 0 0 0 0 0 2 1 2 1 2 
2 2 2 2 0 0 0 2 2 2 2 2 1 1 2 
2 1 1 2 0 2 2 2 1 2 0 2 2 1 2 
2 2 1 2 0 2 1 1 2 2 2 2 2 2 2 
0 2 2 2 0 2 1 2 2 2 2 1 2 0 0 
0 0 0 0 0 2 2 2 0 2 1 1 2 0 0 
2 2 2 2 2 0 0 3 0 2 1 1 2 0 0 
1 2 2 1 2 2 3 2 0 2 2 2 2 0 0 
1 1 2 2 1 2 3 0 0 0 0 0 0 0 0 
1 1 2 1 2 2 2 2 2 0 0 0 3 0 0 
2 2 2 3 2 2 2 1 2 2 2 2 0 0 0 
2 2 0 3 2 1 1 2 2 2 1 2 2 2 0 
1 2 2 0 2 1 2 1 2 2 1 1 1 2 3 
1 1 2 0 2 2 2 2 2 2 2 2 1 2 0 
1 1 2 0 0 0 0 0 0 0 3 2 2 2 0 


Fields avaliable: 65
Field randomized:
0 9

Field not allowed. Braking.

0 0 0 0 0 0 0 0 0 3 2 1 2 1 2 
2 2 2 2 0 0 0 2 2 2 2 2 1 1 2 
2 1 1 2 0 2 2 2 1 2 0 2 2 1 2 
2 2 1 2 0 2 1 1 2 2 2 2 2 2 2 
0 2 2 2 0 2 1 2 2 2 2 1 2 0 0 
0 0 0 0 0 2 2 2 0 2 1 1 2 0 0 
2 2 2 2 2 0 0 3 0 2 1 1 2 0 0 
1 2 2 1 2 2 3 2 0 2 2 2 2 0 0 
1 1 2 2 1 2 3 0 0 0 0 0 0 0 0 
1 1 2 1 2 2 2 2 2 0 0 0 3 0 0 
2 2 2 3 2 2 2 1 2 2 2 2 0 0 0 
2 2 0 3 2 1 1 2 2 2 1 2 2 2 0 
1 2 2 0 2 1 2 1 2 2 1 1 1 2 3 
1 1 2 0 2 2 2 2 2 2 2 2 1 2 0 
1 1 2 0 0 0 0 0 0 0 3 2 2 2 0 


Fields avaliable: 64
Field randomized:
14 6

Field not allowed. Braking.

0 0 0 0 0 0 0 0 0 3 2 1 2 1 2 
2 2 2 2 0 0 0 2 2 2 2 2 1 1 2 
2 1 1 2 0 2 2 2 1 2 0 2 2 1 2 
2 2 1 2 0 2 1 1 2 2 2 2 2 2 2 
0 2 2 2 0 2 1 2 2 2 2 1 2 0 0 
0 0 0 0 0 2 2 2 0 2 1 1 2 0 0 
2 2 2 2 2 0 0 3 0 2 1 1 2 0 0 
1 2 2 1 2 2 3 2 0 2 2 2 2 0 0 
1 1 2 2 1 2 3 0 0 0 0 0 0 0 0 
1 1 2 1 2 2 2 2 2 0 0 0 3 0 0 
2 2 2 3 2 2 2 1 2 2 2 2 0 0 0 
2 2 0 3 2 1 1 2 2 2 1 2 2 2 0 
1 2 2 0 2 1 2 1 2 2 1 1 1 2 3 
1 1 2 0 2 2 2 2 2 2 2 2 1 2 0 
1 1 2 0 0 0 3 0 0 0 3 2 2 2 0 


Fields avaliable: 63
Field randomized:
8 7

Field not allowed. Braking.

0 0 0 0 0 0 0 0 0 3 2 1 2 1 2 
2 2 2 2 0 0 0 2 2 2 2 2 1 1 2 
2 1 1 2 0 2 2 2 1 2 0 2 2 1 2 
2 2 1 2 0 2 1 1 2 2 2 2 2 2 2 
0 2 2 2 0 2 1 2 2 2 2 1 2 0 0 
0 0 0 0 0 2 2 2 0 2 1 1 2 0 0 
2 2 2 2 2 0 0 3 0 2 1 1 2 0 0 
1 2 2 1 2 2 3 2 0 2 2 2 2 0 0 
1 1 2 2 1 2 3 3 0 0 0 0 0 0 0 
1 1 2 1 2 2 2 2 2 0 0 0 3 0 0 
2 2 2 3 2 2 2 1 2 2 2 2 0 0 0 
2 2 0 3 2 1 1 2 2 2 1 2 2 2 0 
1 2 2 0 2 1 2 1 2 2 1 1 1 2 3 
1 1 2 0 2 2 2 2 2 2 2 2 1 2 0 
1 1 2 0 0 0 3 0 0 0 3 2 2 2 0 


Fields avaliable: 62
Field randomized:
0 2

Field not allowed. Braking.

0 0 3 0 0 0 0 0 0 3 2 1 2 1 2 
2 2 2 2 0 0 0 2 2 2 2 2 1 1 2 
2 1 1 2 0 2 2 2 1 2 0 2 2 1 2 
2 2 1 2 0 2 1 1 2 2 2 2 2 2 2 
0 2 2 2 0 2 1 2 2 2 2 1 2 0 0 
0 0 0 0 0 2 2 2 0 2 1 1 2 0 0 
2 2 2 2 2 0 0 3 0 2 1 1 2 0 0 
1 2 2 1 2 2 3 2 0 2 2 2 2 0 0 
1 1 2 2 1 2 3 3 0 0 0 0 0 0 0 
1 1 2 1 2 2 2 2 2 0 0 0 3 0 0 
2 2 2 3 2 2 2 1 2 2 2 2 0 0 0 
2 2 0 3 2 1 1 2 2 2 1 2 2 2 0 
1 2 2 0 2 1 2 1 2 2 1 1 1 2 3 
1 1 2 0 2 2 2 2 2 2 2 2 1 2 0 
1 1 2 0 0 0 3 0 0 0 3 2 2 2 0 


Fields avaliable: 61
Field randomized:
0 6

Field not allowed. Braking.

0 0 3 0 0 0 3 0 0 3 2 1 2 1 2 
2 2 2 2 0 0 0 2 2 2 2 2 1 1 2 
2 1 1 2 0 2 2 2 1 2 0 2 2 1 2 
2 2 1 2 0 2 1 1 2 2 2 2 2 2 2 
0 2 2 2 0 2 1 2 2 2 2 1 2 0 0 
0 0 0 0 0 2 2 2 0 2 1 1 2 0 0 
2 2 2 2 2 0 0 3 0 2 1 1 2 0 0 
1 2 2 1 2 2 3 2 0 2 2 2 2 0 0 
1 1 2 2 1 2 3 3 0 0 0 0 0 0 0 
1 1 2 1 2 2 2 2 2 0 0 0 3 0 0 
2 2 2 3 2 2 2 1 2 2 2 2 0 0 0 
2 2 0 3 2 1 1 2 2 2 1 2 2 2 0 
1 2 2 0 2 1 2 1 2 2 1 1 1 2 3 
1 1 2 0 2 2 2 2 2 2 2 2 1 2 0 
1 1 2 0 0 0 3 0 0 0 3 2 2 2 0 


Fields avaliable: 60
Field randomized:
5 14

fields_changed_available: 5
food_cluster_size_index: 9 2
counter_available: 5
counter: 5
counter: 4
counter: 3
counter: 3
counter: 3
counter: 3
counter: 2
counter: 1
x: 5;    y: 13
x: 6;    y: 13
x: 6;    y: 14
x: 4;    y: 14
x: 4;    y: 13
5 4 13


counter_available: 4
counter: 4
counter: 4
counter: 3
counter: 3
counter: 3
counter: 3
counter: 2
counter: 1
x: 5;    y: 13
x: 6;    y: 13
x: 6;    y: 14
x: 4;    y: 14
4 6 14



0 0 3 0 0 0 3 0 0 3 2 1 2 1 2 
2 2 2 2 0 0 0 2 2 2 2 2 1 1 2 
2 1 1 2 0 2 2 2 1 2 0 2 2 1 2 
2 2 1 2 0 2 1 1 2 2 2 2 2 2 2 
0 2 2 2 0 2 1 2 2 2 2 1 2 1 2 
0 0 0 0 0 2 2 2 0 2 1 1 2 2 1 
2 2 2 2 2 0 0 3 0 2 1 1 2 2 1 
1 2 2 1 2 2 3 2 0 2 2 2 2 2 2 
1 1 2 2 1 2 3 3 0 0 0 0 0 0 0 
1 1 2 1 2 2 2 2 2 0 0 0 3 0 0 
2 2 2 3 2 2 2 1 2 2 2 2 0 0 0 
2 2 0 3 2 1 1 2 2 2 1 2 2 2 0 
1 2 2 0 2 1 2 1 2 2 1 1 1 2 3 
1 1 2 0 2 2 2 2 2 2 2 2 1 2 0 
1 1 2 0 0 0 3 0 0 0 3 2 2 2 0 


Fields avaliable: 52
Field randomized:
13 14

Field not allowed. Braking.

0 0 3 0 0 0 3 0 0 3 2 1 2 1 2 
2 2 2 2 0 0 0 2 2 2 2 2 1 1 2 
2 1 1 2 0 2 2 2 1 2 0 2 2 1 2 
2 2 1 2 0 2 1 1 2 2 2 2 2 2 2 
0 2 2 2 0 2 1 2 2 2 2 1 2 1 2 
0 0 0 0 0 2 2 2 0 2 1 1 2 2 1 
2 2 2 2 2 0 0 3 0 2 1 1 2 2 1 
1 2 2 1 2 2 3 2 0 2 2 2 2 2 2 
1 1 2 2 1 2 3 3 0 0 0 0 0 0 0 
1 1 2 1 2 2 2 2 2 0 0 0 3 0 0 
2 2 2 3 2 2 2 1 2 2 2 2 0 0 0 
2 2 0 3 2 1 1 2 2 2 1 2 2 2 0 
1 2 2 0 2 1 2 1 2 2 1 1 1 2 3 
1 1 2 0 2 2 2 2 2 2 2 2 1 2 3 
1 1 2 0 0 0 3 0 0 0 3 2 2 2 0 


Fields avaliable: 51
Field randomized:
5 8

Field not allowed. Braking.

0 0 3 0 0 0 3 0 0 3 2 1 2 1 2 
2 2 2 2 0 0 0 2 2 2 2 2 1 1 2 
2 1 1 2 0 2 2 2 1 2 0 2 2 1 2 
2 2 1 2 0 2 1 1 2 2 2 2 2 2 2 
0 2 2 2 0 2 1 2 2 2 2 1 2 1 2 
0 0 0 0 0 2 2 2 3 2 1 1 2 2 1 
2 2 2 2 2 0 0 3 0 2 1 1 2 2 1 
1 2 2 1 2 2 3 2 0 2 2 2 2 2 2 
1 1 2 2 1 2 3 3 0 0 0 0 0 0 0 
1 1 2 1 2 2 2 2 2 0 0 0 3 0 0 
2 2 2 3 2 2 2 1 2 2 2 2 0 0 0 
2 2 0 3 2 1 1 2 2 2 1 2 2 2 0 
1 2 2 0 2 1 2 1 2 2 1 1 1 2 3 
1 1 2 0 2 2 2 2 2 2 2 2 1 2 3 
1 1 2 0 0 0 3 0 0 0 3 2 2 2 0 


Fields avaliable: 50
Field randomized:
11 2

Field not allowed. Braking.

0 0 3 0 0 0 3 0 0 3 2 1 2 1 2 
2 2 2 2 0 0 0 2 2 2 2 2 1 1 2 
2 1 1 2 0 2 2 2 1 2 0 2 2 1 2 
2 2 1 2 0 2 1 1 2 2 2 2 2 2 2 
0 2 2 2 0 2 1 2 2 2 2 1 2 1 2 
0 0 0 0 0 2 2 2 3 2 1 1 2 2 1 
2 2 2 2 2 0 0 3 0 2 1 1 2 2 1 
1 2 2 1 2 2 3 2 0 2 2 2 2 2 2 
1 1 2 2 1 2 3 3 0 0 0 0 0 0 0 
1 1 2 1 2 2 2 2 2 0 0 0 3 0 0 
2 2 2 3 2 2 2 1 2 2 2 2 0 0 0 
2 2 3 3 2 1 1 2 2 2 1 2 2 2 0 
1 2 2 0 2 1 2 1 2 2 1 1 1 2 3 
1 1 2 0 2 2 2 2 2 2 2 2 1 2 3 
1 1 2 0 0 0 3 0 0 0 3 2 2 2 0 


Fields avaliable: 49
Field randomized:
10 14

Field not allowed. Braking.

0 0 3 0 0 0 3 0 0 3 2 1 2 1 2 
2 2 2 2 0 0 0 2 2 2 2 2 1 1 2 
2 1 1 2 0 2 2 2 1 2 0 2 2 1 2 
2 2 1 2 0 2 1 1 2 2 2 2 2 2 2 
0 2 2 2 0 2 1 2 2 2 2 1 2 1 2 
0 0 0 0 0 2 2 2 3 2 1 1 2 2 1 
2 2 2 2 2 0 0 3 0 2 1 1 2 2 1 
1 2 2 1 2 2 3 2 0 2 2 2 2 2 2 
1 1 2 2 1 2 3 3 0 0 0 0 0 0 0 
1 1 2 1 2 2 2 2 2 0 0 0 3 0 0 
2 2 2 3 2 2 2 1 2 2 2 2 0 0 3 
2 2 3 3 2 1 1 2 2 2 1 2 2 2 0 
1 2 2 0 2 1 2 1 2 2 1 1 1 2 3 
1 1 2 0 2 2 2 2 2 2 2 2 1 2 3 
1 1 2 0 0 0 3 0 0 0 3 2 2 2 0 


Fields avaliable: 48
Field randomized:
4 4

Field not allowed. Braking.

0 0 3 0 0 0 3 0 0 3 2 1 2 1 2 
2 2 2 2 0 0 0 2 2 2 2 2 1 1 2 
2 1 1 2 0 2 2 2 1 2 0 2 2 1 2 
2 2 1 2 0 2 1 1 2 2 2 2 2 2 2 
0 2 2 2 3 2 1 2 2 2 2 1 2 1 2 
0 0 0 0 0 2 2 2 3 2 1 1 2 2 1 
2 2 2 2 2 0 0 3 0 2 1 1 2 2 1 
1 2 2 1 2 2 3 2 0 2 2 2 2 2 2 
1 1 2 2 1 2 3 3 0 0 0 0 0 0 0 
1 1 2 1 2 2 2 2 2 0 0 0 3 0 0 
2 2 2 3 2 2 2 1 2 2 2 2 0 0 3 
2 2 3 3 2 1 1 2 2 2 1 2 2 2 0 
1 2 2 0 2 1 2 1 2 2 1 1 1 2 3 
1 1 2 0 2 2 2 2 2 2 2 2 1 2 3 
1 1 2 0 0 0 3 0 0 0 3 2 2 2 0 


Fields avaliable: 47
Field randomized:
8 8

Field not allowed. Braking.

0 0 3 0 0 0 3 0 0 3 2 1 2 1 2 
2 2 2 2 0 0 0 2 2 2 2 2 1 1 2 
2 1 1 2 0 2 2 2 1 2 0 2 2 1 2 
2 2 1 2 0 2 1 1 2 2 2 2 2 2 2 
0 2 2 2 3 2 1 2 2 2 2 1 2 1 2 
0 0 0 0 0 2 2 2 3 2 1 1 2 2 1 
2 2 2 2 2 0 0 3 0 2 1 1 2 2 1 
1 2 2 1 2 2 3 2 0 2 2 2 2 2 2 
1 1 2 2 1 2 3 3 3 0 0 0 0 0 0 
1 1 2 1 2 2 2 2 2 0 0 0 3 0 0 
2 2 2 3 2 2 2 1 2 2 2 2 0 0 3 
2 2 3 3 2 1 1 2 2 2 1 2 2 2 0 
1 2 2 0 2 1 2 1 2 2 1 1 1 2 3 
1 1 2 0 2 2 2 2 2 2 2 2 1 2 3 
1 1 2 0 0 0 3 0 0 0 3 2 2 2 0 


Fields avaliable: 46
Field randomized:
11 14

Field not allowed. Braking.

0 0 3 0 0 0 3 0 0 3 2 1 2 1 2 
2 2 2 2 0 0 0 2 2 2 2 2 1 1 2 
2 1 1 2 0 2 2 2 1 2 0 2 2 1 2 
2 2 1 2 0 2 1 1 2 2 2 2 2 2 2 
0 2 2 2 3 2 1 2 2 2 2 1 2 1 2 
0 0 0 0 0 2 2 2 3 2 1 1 2 2 1 
2 2 2 2 2 0 0 3 0 2 1 1 2 2 1 
1 2 2 1 2 2 3 2 0 2 2 2 2 2 2 
1 1 2 2 1 2 3 3 3 0 0 0 0 0 0 
1 1 2 1 2 2 2 2 2 0 0 0 3 0 0 
2 2 2 3 2 2 2 1 2 2 2 2 0 0 3 
2 2 3 3 2 1 1 2 2 2 1 2 2 2 3 
1 2 2 0 2 1 2 1 2 2 1 1 1 2 3 
1 1 2 0 2 2 2 2 2 2 2 2 1 2 3 
1 1 2 0 0 0 3 0 0 0 3 2 2 2 0 


Fields avaliable: 45
Field randomized:
14 5

Field not allowed. Braking.

0 0 3 0 0 0 3 0 0 3 2 1 2 1 2 
2 2 2 2 0 0 0 2 2 2 2 2 1 1 2 
2 1 1 2 0 2 2 2 1 2 0 2 2 1 2 
2 2 1 2 0 2 1 1 2 2 2 2 2 2 2 
0 2 2 2 3 2 1 2 2 2 2 1 2 1 2 
0 0 0 0 0 2 2 2 3 2 1 1 2 2 1 
2 2 2 2 2 0 0 3 0 2 1 1 2 2 1 
1 2 2 1 2 2 3 2 0 2 2 2 2 2 2 
1 1 2 2 1 2 3 3 3 0 0 0 0 0 0 
1 1 2 1 2 2 2 2 2 0 0 0 3 0 0 
2 2 2 3 2 2 2 1 2 2 2 2 0 0 3 
2 2 3 3 2 1 1 2 2 2 1 2 2 2 3 
1 2 2 0 2 1 2 1 2 2 1 1 1 2 3 
1 1 2 0 2 2 2 2 2 2 2 2 1 2 3 
1 1 2 0 0 3 3 0 0 0 3 2 2 2 0 


Fields avaliable: 44
Field randomized:
14 9

Field not allowed. Braking.

0 0 3 0 0 0 3 0 0 3 2 1 2 1 2 
2 2 2 2 0 0 0 2 2 2 2 2 1 1 2 
2 1 1 2 0 2 2 2 1 2 0 2 2 1 2 
2 2 1 2 0 2 1 1 2 2 2 2 2 2 2 
0 2 2 2 3 2 1 2 2 2 2 1 2 1 2 
0 0 0 0 0 2 2 2 3 2 1 1 2 2 1 
2 2 2 2 2 0 0 3 0 2 1 1 2 2 1 
1 2 2 1 2 2 3 2 0 2 2 2 2 2 2 
1 1 2 2 1 2 3 3 3 0 0 0 0 0 0 
1 1 2 1 2 2 2 2 2 0 0 0 3 0 0 
2 2 2 3 2 2 2 1 2 2 2 2 0 0 3 
2 2 3 3 2 1 1 2 2 2 1 2 2 2 3 
1 2 2 0 2 1 2 1 2 2 1 1 1 2 3 
1 1 2 0 2 2 2 2 2 2 2 2 1 2 3 
1 1 2 0 0 3 3 0 0 3 3 2 2 2 0 


Fields avaliable: 43
Field randomized:
0 5

fields_changed_available: 5
food_cluster_size_index: 10 1
counter_available: 5
counter: 5
counter: 5
counter: 5
counter: 5
counter: 4
counter: 3
counter: 2
counter: 1
x: 0;    y: 4
x: 1;    y: 4
x: 1;    y: 5
x: 1;    y: 6
x: 0;    y: 6
5 1 5



0 0 3 0 2 1 2 0 0 3 2 1 2 1 2 
2 2 2 2 2 1 2 2 2 2 2 2 1 1 2 
2 1 1 2 2 2 2 2 1 2 0 2 2 1 2 
2 2 1 2 0 2 1 1 2 2 2 2 2 2 2 
0 2 2 2 3 2 1 2 2 2 2 1 2 1 2 
0 0 0 0 0 2 2 2 3 2 1 1 2 2 1 
2 2 2 2 2 0 0 3 0 2 1 1 2 2 1 
1 2 2 1 2 2 3 2 0 2 2 2 2 2 2 
1 1 2 2 1 2 3 3 3 0 0 0 0 0 0 
1 1 2 1 2 2 2 2 2 0 0 0 3 0 0 
2 2 2 3 2 2 2 1 2 2 2 2 0 0 3 
2 2 3 3 2 1 1 2 2 2 1 2 2 2 3 
1 2 2 0 2 1 2 1 2 2 1 1 1 2 3 
1 1 2 0 2 2 2 2 2 2 2 2 1 2 3 
1 1 2 0 0 3 3 0 0 3 3 2 2 2 0 


Fields avaliable: 37
Field randomized:
0 8

Field not allowed. Braking.

0 0 3 0 2 1 2 0 3 3 2 1 2 1 2 
2 2 2 2 2 1 2 2 2 2 2 2 1 1 2 
2 1 1 2 2 2 2 2 1 2 0 2 2 1 2 
2 2 1 2 0 2 1 1 2 2 2 2 2 2 2 
0 2 2 2 3 2 1 2 2 2 2 1 2 1 2 
0 0 0 0 0 2 2 2 3 2 1 1 2 2 1 
2 2 2 2 2 0 0 3 0 2 1 1 2 2 1 
1 2 2 1 2 2 3 2 0 2 2 2 2 2 2 
1 1 2 2 1 2 3 3 3 0 0 0 0 0 0 
1 1 2 1 2 2 2 2 2 0 0 0 3 0 0 
2 2 2 3 2 2 2 1 2 2 2 2 0 0 3 
2 2 3 3 2 1 1 2 2 2 1 2 2 2 3 
1 2 2 0 2 1 2 1 2 2 1 1 1 2 3 
1 1 2 0 2 2 2 2 2 2 2 2 1 2 3 
1 1 2 0 0 3 3 0 0 3 3 2 2 2 0 


Fields avaliable: 36
Field randomized:
7 8

Field not allowed. Braking.

0 0 3 0 2 1 2 0 3 3 2 1 2 1 2 
2 2 2 2 2 1 2 2 2 2 2 2 1 1 2 
2 1 1 2 2 2 2 2 1 2 0 2 2 1 2 
2 2 1 2 0 2 1 1 2 2 2 2 2 2 2 
0 2 2 2 3 2 1 2 2 2 2 1 2 1 2 
0 0 0 0 0 2 2 2 3 2 1 1 2 2 1 
2 2 2 2 2 0 0 3 0 2 1 1 2 2 1 
1 2 2 1 2 2 3 2 3 2 2 2 2 2 2 
1 1 2 2 1 2 3 3 3 0 0 0 0 0 0 
1 1 2 1 2 2 2 2 2 0 0 0 3 0 0 
2 2 2 3 2 2 2 1 2 2 2 2 0 0 3 
2 2 3 3 2 1 1 2 2 2 1 2 2 2 3 
1 2 2 0 2 1 2 1 2 2 1 1 1 2 3 
1 1 2 0 2 2 2 2 2 2 2 2 1 2 3 
1 1 2 0 0 3 3 0 0 3 3 2 2 2 0 


Fields avaliable: 35
Field randomized:
0 3

Field not allowed. Braking.

0 0 3 3 2 1 2 0 3 3 2 1 2 1 2 
2 2 2 2 2 1 2 2 2 2 2 2 1 1 2 
2 1 1 2 2 2 2 2 1 2 0 2 2 1 2 
2 2 1 2 0 2 1 1 2 2 2 2 2 2 2 
0 2 2 2 3 2 1 2 2 2 2 1 2 1 2 
0 0 0 0 0 2 2 2 3 2 1 1 2 2 1 
2 2 2 2 2 0 0 3 0 2 1 1 2 2 1 
1 2 2 1 2 2 3 2 3 2 2 2 2 2 2 
1 1 2 2 1 2 3 3 3 0 0 0 0 0 0 
1 1 2 1 2 2 2 2 2 0 0 0 3 0 0 
2 2 2 3 2 2 2 1 2 2 2 2 0 0 3 
2 2 3 3 2 1 1 2 2 2 1 2 2 2 3 
1 2 2 0 2 1 2 1 2 2 1 1 1 2 3 
1 1 2 0 2 2 2 2 2 2 2 2 1 2 3 
1 1 2 0 0 3 3 0 0 3 3 2 2 2 0 


Fields avaliable: 34
Field randomized:
9 9

Field not allowed. Braking.

0 0 3 3 2 1 2 0 3 3 2 1 2 1 2 
2 2 2 2 2 1 2 2 2 2 2 2 1 1 2 
2 1 1 2 2 2 2 2 1 2 0 2 2 1 2 
2 2 1 2 0 2 1 1 2 2 2 2 2 2 2 
0 2 2 2 3 2 1 2 2 2 2 1 2 1 2 
0 0 0 0 0 2 2 2 3 2 1 1 2 2 1 
2 2 2 2 2 0 0 3 0 2 1 1 2 2 1 
1 2 2 1 2 2 3 2 3 2 2 2 2 2 2 
1 1 2 2 1 2 3 3 3 0 0 0 0 0 0 
1 1 2 1 2 2 2 2 2 3 0 0 3 0 0 
2 2 2 3 2 2 2 1 2 2 2 2 0 0 3 
2 2 3 3 2 1 1 2 2 2 1 2 2 2 3 
1 2 2 0 2 1 2 1 2 2 1 1 1 2 3 
1 1 2 0 2 2 2 2 2 2 2 2 1 2 3 
1 1 2 0 0 3 3 0 0 3 3 2 2 2 0 


Fields avaliable: 33
Field randomized:
6 5

Field not allowed. Braking.

0 0 3 3 2 1 2 0 3 3 2 1 2 1 2 
2 2 2 2 2 1 2 2 2 2 2 2 1 1 2 
2 1 1 2 2 2 2 2 1 2 0 2 2 1 2 
2 2 1 2 0 2 1 1 2 2 2 2 2 2 2 
0 2 2 2 3 2 1 2 2 2 2 1 2 1 2 
0 0 0 0 0 2 2 2 3 2 1 1 2 2 1 
2 2 2 2 2 3 0 3 0 2 1 1 2 2 1 
1 2 2 1 2 2 3 2 3 2 2 2 2 2 2 
1 1 2 2 1 2 3 3 3 0 0 0 0 0 0 
1 1 2 1 2 2 2 2 2 3 0 0 3 0 0 
2 2 2 3 2 2 2 1 2 2 2 2 0 0 3 
2 2 3 3 2 1 1 2 2 2 1 2 2 2 3 
1 2 2 0 2 1 2 1 2 2 1 1 1 2 3 
1 1 2 0 2 2 2 2 2 2 2 2 1 2 3 
1 1 2 0 0 3 3 0 0 3 3 2 2 2 0 


Fields avaliable: 32
Field randomized:
8 9

Field not allowed. Braking.

0 0 3 3 2 1 2 0 3 3 2 1 2 1 2 
2 2 2 2 2 1 2 2 2 2 2 2 1 1 2 
2 1 1 2 2 2 2 2 1 2 0 2 2 1 2 
2 2 1 2 0 2 1 1 2 2 2 2 2 2 2 
0 2 2 2 3 2 1 2 2 2 2 1 2 1 2 
0 0 0 0 0 2 2 2 3 2 1 1 2 2 1 
2 2 2 2 2 3 0 3 0 2 1 1 2 2 1 
1 2 2 1 2 2 3 2 3 2 2 2 2 2 2 
1 1 2 2 1 2 3 3 3 3 0 0 0 0 0 
1 1 2 1 2 2 2 2 2 3 0 0 3 0 0 
2 2 2 3 2 2 2 1 2 2 2 2 0 0 3 
2 2 3 3 2 1 1 2 2 2 1 2 2 2 3 
1 2 2 0 2 1 2 1 2 2 1 1 1 2 3 
1 1 2 0 2 2 2 2 2 2 2 2 1 2 3 
1 1 2 0 0 3 3 0 0 3 3 2 2 2 0 


Fields avaliable: 31
Field randomized:
12 3

Field not allowed. Braking.

0 0 3 3 2 1 2 0 3 3 2 1 2 1 2 
2 2 2 2 2 1 2 2 2 2 2 2 1 1 2 
2 1 1 2 2 2 2 2 1 2 0 2 2 1 2 
2 2 1 2 0 2 1 1 2 2 2 2 2 2 2 
0 2 2 2 3 2 1 2 2 2 2 1 2 1 2 
0 0 0 0 0 2 2 2 3 2 1 1 2 2 1 
2 2 2 2 2 3 0 3 0 2 1 1 2 2 1 
1 2 2 1 2 2 3 2 3 2 2 2 2 2 2 
1 1 2 2 1 2 3 3 3 3 0 0 0 0 0 
1 1 2 1 2 2 2 2 2 3 0 0 3 0 0 
2 2 2 3 2 2 2 1 2 2 2 2 0 0 3 
2 2 3 3 2 1 1 2 2 2 1 2 2 2 3 
1 2 2 3 2 1 2 1 2 2 1 1 1 2 3 
1 1 2 0 2 2 2 2 2 2 2 2 1 2 3 
1 1 2 0 0 3 3 0 0 3 3 2 2 2 0 


Fields avaliable: 30
Field randomized:
9 13

fields_changed_available: 8
food_cluster_size_index: 11 1
counter_available: 8
counter: 8
counter: 7
counter: 6
counter: 5
counter: 4
counter: 3
counter: 2
counter: 1
x: 9;    y: 12
x: 10;    y: 12
x: 10;    y: 13
x: 10;    y: 14
x: 9;    y: 14
x: 8;    y: 14
x: 8;    y: 13
x: 8;    y: 12
8 9 12



0 0 3 3 2 1 2 0 3 3 2 1 2 1 2 
2 2 2 2 2 1 2 2 2 2 2 2 1 1 2 
2 1 1 2 2 2 2 2 1 2 0 2 2 1 2 
2 2 1 2 0 2 1 1 2 2 2 2 2 2 2 
0 2 2 2 3 2 1 2 2 2 2 1 2 1 2 
0 0 0 0 0 2 2 2 3 2 1 1 2 2 1 
2 2 2 2 2 3 0 3 0 2 1 1 2 2 1 
1 2 2 1 2 2 3 2 3 2 2 2 2 2 2 
1 1 2 2 1 2 3 3 3 3 0 2 2 2 2 
1 1 2 1 2 2 2 2 2 3 0 2 1 1 2 
2 2 2 3 2 2 2 1 2 2 2 2 2 2 2 
2 2 3 3 2 1 1 2 2 2 1 2 2 2 3 
1 2 2 3 2 1 2 1 2 2 1 1 1 2 3 
1 1 2 0 2 2 2 2 2 2 2 2 1 2 3 
1 1 2 0 0 3 3 0 0 3 3 2 2 2 0 


food_index: 0 ### cluster size: 4 
food_index: 1 ### cluster size: 4 
food_index: 2 ### cluster size: 4 
food_index: 3 ### cluster size: 4 
food_index: 4 ### cluster size: 4 
food_index: 5 ### cluster size: 4 
food_index: 6 ### cluster size: 3 
food_index: 7 ### cluster size: 2 
food_index: 8 ### cluster size: 2 
food_index: 9 ### cluster size: 2 
food_index: 10 ### cluster size: 1 
food_index: 11 ### cluster size: 1 


0 0 0 0 0 1 0 0 0 0 0 1 0 1 0 
0 0 0 0 0 1 0 0 0 0 0 0 1 1 0 
0 1 1 0 0 0 0 0 1 0 0 0 0 1 0 
0 0 1 0 0 0 1 1 0 0 0 0 0 0 0 
0 0 0 0 0 0 1 0 0 0 0 1 0 1 0 
0 0 0 0 0 0 0 0 0 0 1 1 0 0 1 
0 0 0 0 0 0 0 0 0 0 1 1 0 0 1 
1 0 0 1 0 0 0 0 0 0 0 0 0 0 0 
1 1 0 0 1 0 0 0 0 0 0 0 0 0 0 
1 1 0 1 0 0 0 0 0 0 0 0 1 1 0 
0 0 0 0 0 0 0 1 0 0 0 0 0 0 0 
0 0 0 0 0 1 1 0 0 0 1 0 0 0 0 
1 0 0 0 0 1 0 1 0 0 1 1 1 0 0 
1 1 0 0 0 0 0 0 0 0 0 0 1 0 0 
1 1 0 0 0 0 0 0 0 0 0 0 0 0 0 


There are :      47 pixels with the food.
There should be: 47 pixels with the food.














0 0 0 0 0 1 0 0 0 0 0 1 0 1 0 
0 0 0 0 0 1 0 0 0 0 0 0 1 1 0 
0 1 1 0 0 0 0 0 1 0 0 0 0 1 0 
0 0 1 0 0 0 1 1 0 0 0 0 0 0 0 
0 0 0 0 0 0 1 0 0 0 0 1 0 1 0 
0 0 0 0 0 0 0 0 0 0 1 1 0 0 1 
0 0 0 0 0 0 0 0 0 0 1 1 0 0 1 
1 0 0 1 0 0 0 0 0 0 0 0 0 0 0 
1 1 0 0 1 0 0 0 0 0 0 0 0 0 0 
1 1 0 1 0 0 0 0 0 0 0 0 1 1 0 
0 0 0 0 0 0 0 1 0 0 0 0 0 0 0 
0 0 0 0 0 1 1 0 0 0 1 0 0 0 0 
1 0 0 0 0 1 0 1 0 0 1 1 1 0 0 
1 1 0 0 0 0 0 0 0 0 0 0 1 0 0 
1 1 0 0 0 0 0 0 0 0 0 0 0 0 0 


[x_current, y_current] => [x_rand, y_rand]
[7, 7] => [6, 9]

Coords taken during this step: 
24

100 = 100 - (33 + 0) + 0


2 2 2 2 2 2 2 2 2 2 2 2 2 2 2 
2 2 2 2 2 2 2 2 2 2 2 2 2 2 2 
2 2 2 2 2 2 2 2 2 2 2 2 2 2 2 
2 2 2 2 2 2 2 2 2 2 2 2 2 2 2 
2 2 2 2 2 2 2 2 2 2 2 2 2 2 2 
2 2 2 2 2 2 2 2 2 2 2 2 2 2 2 
2 2 2 2 2 2 2 2 0 0 2 2 2 2 2 
2 2 2 2 2 2 2 0 0 2 2 2 2 2 2 
2 2 2 2 2 2 2 2 2 2 2 2 2 2 2 
2 2 2 2 2 2 2 2 2 2 2 2 2 2 2 
2 2 2 2 2 2 2 2 2 2 2 2 2 2 2 
2 2 2 2 2 2 2 2 2 2 2 2 2 2 2 
2 2 2 2 2 2 2 2 2 2 2 2 2 2 2 
2 2 2 2 2 2 2 2 2 2 2 2 2 2 2 
2 2 2 2 2 2 2 2 2 2 2 2 2 2 2 


[x_current, y_current] => [x_rand, y_rand]
[6, 9] => [0, 13]

Coords taken during this step: 
80

x_detected: 5
y_detected: 10

67 = 67 - (21 + 0) + 30


2 2 2 2 2 2 2 2 2 2 2 2 2 2 2 
2 2 2 2 2 2 2 2 2 2 2 2 2 2 2 
2 2 2 2 2 2 2 2 2 2 2 2 2 2 2 
2 2 2 2 2 2 2 2 2 2 2 2 2 2 2 
2 2 2 2 2 2 2 2 2 2 2 2 2 2 2 
2 2 2 2 2 2 2 2 2 0 3 2 2 2 2 
2 2 2 2 2 2 2 2 0 0 2 2 2 2 2 
2 2 2 2 2 2 2 0 0 2 2 2 2 2 2 
2 2 2 2 2 2 2 2 2 2 2 2 2 2 2 
2 2 2 2 2 2 2 2 2 2 2 2 2 2 2 
2 2 2 2 2 2 2 2 2 2 2 2 2 2 2 
2 2 2 2 2 2 2 2 2 2 2 2 2 2 2 
2 2 2 2 2 2 2 2 2 2 2 2 2 2 2 
2 2 2 2 2 2 2 2 2 2 2 2 2 2 2 
2 2 2 2 2 2 2 2 2 2 2 2 2 2 2 


[x_current, y_current] => [x_rand, y_rand]
[5, 10] => [6, 0]

Coords taken during this step: 
88

76 = 76 - (150 + 0) + 0


2 2 2 2 2 2 2 2 2 2 2 2 2 2 2 
2 2 2 2 2 2 2 2 2 2 2 2 2 2 2 
2 2 2 2 2 2 2 2 2 2 2 2 2 2 2 
2 2 2 2 2 2 2 2 2 2 2 2 2 2 2 
2 2 2 2 2 2 2 2 2 2 2 2 2 2 2 
2 2 2 2 2 0 0 0 0 0 3 2 2 2 2 
0 0 0 0 0 0 2 2 0 0 2 2 2 2 2 
2 2 2 2 2 2 2 0 0 2 2 2 2 2 2 
2 2 2 2 2 2 2 2 2 2 2 2 2 2 2 
2 2 2 2 2 2 2 2 2 2 2 2 2 2 2 
2 2 2 2 2 2 2 2 2 2 2 2 2 2 2 
2 2 2 2 2 2 2 2 2 2 2 2 2 2 2 
2 2 2 2 2 2 2 2 2 2 2 2 2 2 2 
2 2 2 2 2 2 2 2 2 2 2 2 2 2 2 
2 2 2 2 2 2 2 2 2 2 2 2 2 2 2 


[x_current, y_current] => [x_rand, y_rand]
[6, 0] => [1, 9]

Coords taken during this step: 
112

x_detected: 3
y_detected: 6

-74 = -74 - (100 + 0) + 30


2 2 2 2 2 2 2 2 2 2 2 2 2 2 2 
2 2 2 2 2 2 2 2 2 2 2 2 2 2 2 
2 2 2 2 2 2 2 2 2 2 2 2 2 2 2 
2 2 2 2 2 0 3 2 2 2 2 2 2 2 2 
2 2 2 0 0 0 2 2 2 2 2 2 2 2 2 
2 0 0 0 2 0 0 0 0 0 3 2 2 2 2 
0 0 0 0 0 0 2 2 0 0 2 2 2 2 2 
2 2 2 2 2 2 2 0 0 2 2 2 2 2 2 
2 2 2 2 2 2 2 2 2 2 2 2 2 2 2 
2 2 2 2 2 2 2 2 2 2 2 2 2 2 2 
2 2 2 2 2 2 2 2 2 2 2 2 2 2 2 
2 2 2 2 2 2 2 2 2 2 2 2 2 2 2 
2 2 2 2 2 2 2 2 2 2 2 2 2 2 2 
2 2 2 2 2 2 2 2 2 2 2 2 2 2 2 
2 2 2 2 2 2 2 2 2 2 2 2 2 2 2 


[x_current, y_current] => [x_rand, y_rand]
[3, 6] => [9, 10]

Coords taken during this step: 
80

x_detected: 4
y_detected: 6

-144 = -144 - (15 + 0) + 30


2 2 2 2 2 2 2 2 2 2 2 2 2 2 2 
2 2 2 2 2 2 2 2 2 2 2 2 2 2 2 
2 2 2 2 2 2 2 2 2 2 2 2 2 2 2 
2 2 2 2 2 0 3 2 2 2 2 2 2 2 2 
2 2 2 0 0 0 3 2 2 2 2 2 2 2 2 
2 0 0 0 2 0 0 0 0 0 3 2 2 2 2 
0 0 0 0 0 0 2 2 0 0 2 2 2 2 2 
2 2 2 2 2 2 2 0 0 2 2 2 2 2 2 
2 2 2 2 2 2 2 2 2 2 2 2 2 2 2 
2 2 2 2 2 2 2 2 2 2 2 2 2 2 2 
2 2 2 2 2 2 2 2 2 2 2 2 2 2 2 
2 2 2 2 2 2 2 2 2 2 2 2 2 2 2 
2 2 2 2 2 2 2 2 2 2 2 2 2 2 2 
2 2 2 2 2 2 2 2 2 2 2 2 2 2 2 
2 2 2 2 2 2 2 2 2 2 2 2 2 2 2 


[x_current, y_current] => [x_rand, y_rand]
[4, 6] => [14, 13]

Coords taken during this step: 
136

x_detected: 12
y_detected: 11

-129 = -129 - (141 + 0) + 30


2 2 2 2 2 2 2 2 2 2 2 2 2 2 2 
2 2 2 2 2 2 2 2 2 2 2 2 2 2 2 
2 2 2 2 2 2 2 2 2 2 2 2 2 2 2 
2 2 2 2 2 0 3 2 2 2 2 2 2 2 2 
2 2 2 0 0 0 3 2 2 2 2 2 2 2 2 
2 0 0 0 2 0 0 0 0 0 3 2 2 2 2 
0 0 0 0 0 0 2 0 0 0 2 2 2 2 2 
2 2 2 2 2 2 2 0 0 2 2 2 2 2 2 
2 2 2 2 2 2 2 2 0 0 2 2 2 2 2 
2 2 2 2 2 2 2 2 2 0 0 2 2 2 2 
2 2 2 2 2 2 2 2 2 2 0 0 2 2 2 
2 2 2 2 2 2 2 2 2 2 2 0 2 2 2 
2 2 2 2 2 2 2 2 2 2 2 3 2 2 2 
2 2 2 2 2 2 2 2 2 2 2 2 2 2 2 
2 2 2 2 2 2 2 2 2 2 2 2 2 2 2 


[x_current, y_current] => [x_rand, y_rand]
[12, 11] => [5, 3]

Coords taken during this step: 
120

x_detected: 12
y_detected: 10

-240 = -240 - (15 + 0) + 30


2 2 2 2 2 2 2 2 2 2 2 2 2 2 2 
2 2 2 2 2 2 2 2 2 2 2 2 2 2 2 
2 2 2 2 2 2 2 2 2 2 2 2 2 2 2 
2 2 2 2 2 0 3 2 2 2 2 2 2 2 2 
2 2 2 0 0 0 3 2 2 2 2 2 2 2 2 
2 0 0 0 2 0 0 0 0 0 3 2 2 2 2 
0 0 0 0 0 0 2 0 0 0 2 2 2 2 2 
2 2 2 2 2 2 2 0 0 2 2 2 2 2 2 
2 2 2 2 2 2 2 2 0 0 2 2 2 2 2 
2 2 2 2 2 2 2 2 2 0 0 2 2 2 2 
2 2 2 2 2 2 2 2 2 2 0 0 2 2 2 
2 2 2 2 2 2 2 2 2 2 2 0 2 2 2 
2 2 2 2 2 2 2 2 2 2 3 3 2 2 2 
2 2 2 2 2 2 2 2 2 2 2 2 2 2 2 
2 2 2 2 2 2 2 2 2 2 2 2 2 2 2 


